% -------------------------------------------------------------------
%  Generated by MATLAB on 7-Dec-2017 19:57:52
%  MATLAB version: 9.3.0.713579 (R2017b)
% -------------------------------------------------------------------
                                 

points = ...
  [1 0.81472 0.16218;
   2 0.90579 0.79428;
   3 0.12699 0.31122;
   4 0.91338 0.52853;
   5 0.63236 0.16565;
   6 0.09754 0.60198;
   7 0.2785 0.26297;
   8 0.54688 0.65408;
   9 0.95751 0.68921;
   10 0.96489 0.74815;
   11 0.15761 0.45054;
   12 0.97059 0.08382;
   13 0.95717 0.22898;
   14 0.48538 0.91334;
   15 0.80028 0.15238;
   16 0.14189 0.82582;
   17 0.42176 0.53834;
   18 0.91574 0.99613;
   19 0.79221 0.07818;
   20 0.95949 0.44268;
   21 0.65574 0.10665;
   22 0.03571 0.9619;
   23 0.84913 0.00463;
   24 0.93399 0.77491;
   25 0.67874 0.8173;
   26 0.75774 0.86869;
   27 0.74313 0.08444;
   28 0.39223 0.39978;
   29 0.65548 0.25987;
   30 0.17119 0.80007;
   31 0.70605 0.43141;
   32 0.03183 0.91065;
   33 0.27692 0.18185;
   34 0.04617 0.2638;
   35 0.09713 0.14554;
   36 0.82346 0.13607;
   37 0.69483 0.86929;
   38 0.3171 0.5797;
   39 0.95022 0.54986;
   40 0.03445 0.14495;
   41 0.43874 0.85303;
   42 0.38156 0.62206;
   43 0.76552 0.35095;
   44 0.7952 0.51325;
   45 0.18687 0.40181;
   46 0.48976 0.07597;
   47 0.44559 0.23992;
   48 0.64631 0.12332;
   49 0.70936 0.18391;
   50 0.75469 0.23995;
   51 0.27603 0.41727;
   52 0.6797 0.04965;
   53 0.6551 0.90272;
   54 0.16261 0.94479;
   55 0.119 0.49086;
   56 0.49836 0.48925;
   57 0.95974 0.33772;
   58 0.34039 0.90005;
   59 0.58527 0.36925;
   60 0.22381 0.1112;
   61 0.75127 0.78025;
   62 0.2551 0.38974;
   63 0.50596 0.24169;
   64 0.69908 0.40391;
   65 0.8909 0.09645;
   66 0.95929 0.13197;
   67 0.54722 0.94205;
   68 0.13862 0.95613;
   69 0.14929 0.57521;
   70 0.25751 0.05978;
   71 0.84072 0.23478;
   72 0.25428 0.35316;
   73 0.81428 0.82119;
   74 0.24352 0.0154;
   75 0.92926 0.04302;
   76 0.34998 0.16899;
   77 0.1966 0.64912;
   78 0.25108 0.73172;
   79 0.61604 0.64775;
   80 0.47329 0.45092;
   81 0.35166 0.54701;
   82 0.83083 0.29632;
   83 0.58526 0.74469;
   84 0.54972 0.18896;
   85 0.91719 0.68678;
   86 0.28584 0.18351;
   87 0.7572 0.36848;
   88 0.75373 0.62562;
   89 0.38045 0.78023;
   90 0.56782 0.08113;
   91 0.07585 0.92939;
   92 0.05395 0.77571;
   93 0.5308 0.48679;
   94 0.77917 0.43586;
   95 0.93401 0.44678;
   96 0.12991 0.30635;
   97 0.56882 0.50851;
   98 0.46939 0.51077;
   99 0.0119 0.81763;
   100 0.33712 0.79483];

